start=0.560000
speed=2.357948
