start=2.480000
speed=2.357948
