start=4139.218417
sub-pos=102
sub-scale=1.300000
