start=200.366667
speed=1.771561
fullscreen=yes
