start=127.800000
speed=1.610510
