start=104.960000
speed=1.331000
