start=1777.640000
speed=1.331000
