start=3307.920000
speed=1.464100
