start=7316.058750
sid=1
sub-scale=1.400000
