start=396.000000
speed=1.464100
