start=388.321000
speed=1.331000
