start=5762.381625
sid=no
sub-scale=1.300000
