start=53.002688
speed=1.331000
volume=96.000000
