start=5192.875000
speed=1.000000
sid=no
sub-pos=101
