start=421.840000
speed=1.464100
