start=166.240000
speed=1.464100
