start=5717.520000
pause=yes
sub-delay=-0.000000
