start=7030.815458
sid=1
sub-delay=-2.000000
sub-scale=1.100000
