start=145.134000
speed=1.331000
fullscreen=yes
