start=7320.521542
speed=1.948717
sid=1
sub-pos=102
sub-scale=1.400000
