start=5814.875000
sid=1
sub-pos=101
sub-scale=1.300000
