start=2.160000
speed=2.357948
