start=609.720000
pause=yes
sub-pos=11
sub-scale=1.200000
