start=0.680000
speed=2.357948
