start=85.292000
pause=yes
sid=2
sub-scale=1.300000
