start=660.300000
speed=1.000000
