start=883.700000
speed=1.464100
pause=yes
