start=0.375376
fullscreen=yes
sid=1
sub-pos=95
sub-scale=1.800000
