start=204.600000
speed=1.464100
fullscreen=yes
