start=3856.958333
speed=1.948717
