start=0.840000
speed=2.357948
