start=1299.160000
speed=1.331000
