start=965.200000
speed=1.610510
