start=7177.759000
sid=1
sub-pos=101
sub-scale=1.300000
