start=749.280000
speed=1.464100
