start=73.533000
speed=1.948717
