start=36.666667
speed=1.610510
