start=0.760000
speed=2.357948
