start=6543.080000
pause=yes
volume=80.000000
sub-pos=101
sub-scale=1.300000
