start=6091.340000
speed=1.948717
contrast=1
sid=no
