start=664.166667
speed=1.610510
fullscreen=yes
