start=75.766667
speed=1.464100
