start=2738.160000
speed=1.610510
aid=1
sub-delay=0.200000
