start=108.942167
speed=1.331000
