start=122.856067
speed=1.610510
