start=40.680000
speed=1.464100
