start=2949.880000
speed=1.610510
fullscreen=yes
