start=181.757971
volume=130.000000
contrast=-1
