start=164.133333
speed=1.948717
